1.000000000000000000e+00 0.000000000000000000e+00 0.000000000000000000e+00 0.000000000000000000e+00 0.000000000000000000e+00 1.000000000000000000e+00 0.000000000000000000e+00 0.000000000000000000e+00 0.000000000000000000e+00 0.000000000000000000e+00 1.000000000000000000e+00 0.000000000000000000e+00
9.998908835190286615e-01 -1.469517818582110127e-02 1.507578728694258449e-03 3.984344306752101161e-01 1.469526489821215351e-02 9.998920176856134212e-01 -4.645604764323288887e-05 -3.894186517968611927e-02 -1.506733256956087601e-03 6.860524729586625061e-05 9.999988625234592643e-01 -4.185678759418076135e-03
9.995677354441945273e-01 -2.761572176176108756e-02 1.008534434422698502e-02 7.065891478983047369e-01 2.761620671943908201e-02 9.996185956697690722e-01 9.120102981438502022e-05 -1.653806585106427224e-02 -1.008401633248596878e-02 1.873573474051549114e-04 9.999491374624164264e-01 -2.302233635038933995e-02
9.990085267146248116e-01 -4.005274219635680116e-02 1.943557032934749643e-02 1.067501859370637352e+00 4.000238054653661862e-02 9.991951607670354063e-01 2.973255849805762820e-03 3.172772588537708244e-02 -1.953901486986747357e-02 -2.192838865606559860e-03 9.998066904935296595e-01 1.643196415679788747e-03
9.983572086441923066e-01 -5.316928310724899215e-02 2.135207910340231746e-02 1.387776308643750012e+00 5.309856941497836241e-02 9.985817938836525354e-01 3.865598296404097051e-03 8.192563805286272316e-02 -2.152732854442154786e-02 -2.725483070511622481e-03 9.997645452144083844e-01 2.984908863693323117e-03
9.975987891621150849e-01 -6.626117162074765532e-02 2.015224547606672342e-02 1.729629504886232461e+00 6.618363990332612468e-02 9.977973527881937033e-01 4.490944000959416760e-03 7.335506535333927158e-02 -2.040543239994397143e-02 -3.146411339720545097e-03 9.997868364927858797e-01 2.225114993558512805e-02
9.967115819411054289e-01 -7.869655618580632950e-02 1.930995776674300501e-02 2.052889154383552572e+00 7.864780055219623700e-02 9.968970926615070560e-01 3.272630644695631412e-03 1.091285681455683998e-01 -1.950758551848826711e-02 -1.743183159873385943e-03 9.998081893141853582e-01 6.442672112960776132e-03
9.956571958104274422e-01 -9.133841999923127120e-02 1.800115171204938469e-02 2.371198262951129454e+00 9.128810015592704608e-02 9.958180195928274525e-01 3.599253275402614517e-03 1.389175644234800222e-01 -1.825462135563538785e-02 -1.940331482787261124e-03 9.998314877582618054e-01 4.399753075791557055e-02
9.945594644893612779e-01 -1.033242538766306895e-01 1.325028888260375640e-02 2.692173838857154777e+00 1.032582324389901829e-01 9.946389557916325286e-01 5.575397322727401392e-03 1.929848046630569802e-01 -1.375532726656705090e-02 -4.176862766283517478e-03 9.998966670557619674e-01 2.682545045941335526e-02
9.933311800017221582e-01 -1.148079087290424238e-01 1.059768510808208747e-02 2.992912387923118089e+00 1.147111267809718393e-01 9.933550737998779745e-01 9.330313428757831123e-03 2.446161876480940633e-01 -1.159845804518893839e-02 -8.052418847955909037e-03 9.999003121920060355e-01 2.300150671532637248e-02
9.919411590847788673e-01 -1.265210846817716450e-01 6.719527103399798584e-03 3.315896858232270095e+00 1.264605542356644352e-01 9.919327967713869043e-01 8.778092714417923617e-03 2.956405020251008930e-01 -7.775933124321812023e-03 -7.857596339995861004e-03 9.999388946549703228e-01 1.313075116589564745e-03
9.903474265104678098e-01 -1.385487112019712919e-01 4.028576468975739178e-03 3.635489785178023681e+00 1.385212190798734422e-01 9.903384614746358894e-01 6.450084392999081220e-03 3.227652759208168853e-01 -4.883305102012326648e-03 -5.829781155742961088e-03 9.999710830733841149e-01 -2.384339959090182523e-02
9.886184572271722315e-01 -1.502807937023299401e-01 7.016343347039236296e-03 3.952321269353860966e+00 1.502524990941633831e-01 9.886378542557766602e-01 4.402232216963973543e-03 3.779362478684917259e-01 -7.598193582965978056e-03 -3.297904900295326076e-03 9.999656950503573727e-01 -3.009896522614583653e-02
9.867693594067149521e-01 -1.616839485582071967e-01 1.202215100090371289e-02 4.262396238370103063e+00 1.616394290605387141e-01 9.868391947403647446e-01 4.593331815968632048e-03 4.351467854544923686e-01 -1.260659783782273891e-02 -2.589305469720189906e-03 9.999171811645901631e-01 -9.268408041461909108e-03
9.847627239577884106e-01 -1.735270481349535099e-01 1.143420608551647295e-02 4.577887489901979023e+00 1.734942700614699462e-01 9.848275228162411965e-01 3.806384040490823698e-03 4.839663830919579413e-01 -1.192123144118394963e-02 -1.764615877604097877e-03 9.999273825492180912e-01 -7.001715447665923797e-04
9.825495439457420099e-01 -1.856764320421742942e-01 1.098436507506114768e-02 4.869037208619848123e+00 1.856454869257969376e-01 9.826095113907740153e-01 3.781707083868122987e-03 5.590776868503326558e-01 -1.149551547770496715e-02 -1.676516767660561277e-03 9.999325189308674311e-01 8.098535316052903055e-03
9.803776469189749987e-01 -1.967117263286008166e-01 1.281273376119118623e-02 5.173516597265631844e+00 1.966569859151461042e-01 9.804574078438436091e-01 5.413067051204811797e-03 6.419167141131085774e-01 -1.362715349526577926e-02 -2.787136335465716791e-03 9.999032616001729545e-01 2.084869173717166565e-03
9.781405138623847639e-01 -2.076215374640629496e-01 1.159449533565868988e-02 5.478844219050243325e+00 2.075523213029580039e-01 9.781996017091152407e-01 6.897328314796308257e-03 7.226150907237824939e-01 -1.277376462847194978e-02 -4.340091840860156591e-03 9.999089931288893673e-01 2.217600122463374290e-02
9.757215086343912214e-01 -2.189846717535778309e-01 3.640209500210247508e-03 5.771964329261767723e+00 2.189602463813420385e-01 9.757145390596946299e-01 6.127705292336834211e-03 7.946902472592382027e-01 -4.893678866623406114e-03 -5.181872683260101836e-03 9.999745997287354804e-01 2.151494431236253974e-02
9.730690011533796868e-01 -2.304789519849034241e-01 -4.021403524224819587e-03 6.074862880344122473e+00 2.304891800445433292e-01 9.730721882153484659e-01 2.292248718523195571e-03 8.749275026390272991e-01 3.384800844680395382e-03 -3.157406171855295807e-03 9.999892868973686566e-01 -2.154980868301971039e-02
9.700037284659774883e-01 -2.429436592540851481e-01 -8.434760834621165063e-03 6.392868261902441063e+00 2.429232776876684985e-01 9.700396238185142739e-01 -3.377777303972939911e-03 9.525797173583869792e-01 9.002661805387635399e-03 1.227456830323761820e-03 9.999587218631315055e-01 -7.395610431006047203e-03
9.670185938268385240e-01 -2.545605148804213624e-01 -8.601363669718514043e-03 6.688790226620984214e+00 2.545327841091540866e-01 9.670550411296710003e-01 -4.196336418002353380e-03 1.030747765335469301e+00 9.386213656569036140e-03 1.868606300172204453e-03 9.999542026031432718e-01 -1.204033817233683690e-03
9.638216656480398381e-01 -2.665292516525966104e-01 -3.155129307173308931e-03 7.004468374476843451e+00 2.665252665503483054e-01 9.638265531861331947e-01 -1.630234217481763004e-03 1.138921707622690516e+00 3.475502510993272974e-03 7.303333792945199479e-04 9.999936937278410820e-01 2.335193402301946608e-02
9.605579398105243971e-01 -2.780792508473349245e-01 6.119764260584486908e-04 7.330870112932541538e+00 2.780785972691607877e-01 9.605578287432338103e-01 9.753875640952581116e-04 1.232516149902480151e+00 -8.590737901661639649e-04 -7.667387229640191528e-04 9.999993370517571423e-01 7.630627745047816046e-04
9.571161888496894088e-01 -2.897032860384007313e-01 7.791664766266185715e-04 7.636649438735540585e+00 2.897026395806630572e-01 9.571163279435195292e-01 8.458155293013507742e-04 1.324795498940091409e+00 -9.907884951864697788e-04 -5.838171509232952753e-04 9.999993387476273643e-01 1.040579864461024275e-03
9.537719999297250562e-01 -3.005309243956614251e-01 3.682824211500853413e-04 7.948672147877001493e+00 3.005289043368220003e-01 9.537688941322652880e-01 2.697080611500550854e-03 1.437489169640035147e+00 -1.161812446892545887e-03 -2.461720456287818867e-03 9.999962950552533369e-01 2.307058077598919330e-02
9.497189419081832895e-01 -3.130535868959830603e-01 5.602063223491893403e-03 8.280483879665307967e+00 3.130048433683580988e-01 9.497166740718261391e-01 8.136769500136215721e-03 1.556637564617704861e+00 -7.867617730318290578e-03 -5.974171198411426520e-03 9.999512037443335499e-01 1.461879320322860901e-02
9.457174644165041721e-01 -3.247365970793388845e-01 1.283043315516914189e-02 8.577244885553465537e+00 3.246198274225889913e-01 9.457875981654371156e-01 1.038204221635896651e-02 1.686769803588177297e+00 -1.550629361732406251e-02 -5.653465643732032836e-03 9.998637873152864675e-01 -6.763638535833949895e-03
9.420461944835017976e-01 -3.350671860180596262e-01 1.670174580968434089e-02 8.888627510810238164e+00 3.350117848866837056e-01 9.421942259944164899e-01 6.094627947694439447e-03 1.782010725850545541e+00 -1.777839830217202086e-02 -1.461393904922999448e-04 9.998419411072371199e-01 -3.446421928208558486e-03
9.378826381781126820e-01 -3.465025397057527878e-01 1.766768183793828925e-02 9.190943561244008464e+00 3.465494350425485925e-01 9.380316104624997209e-01 4.322555026538606876e-04 1.895181368652920861e+00 -1.672262167705166128e-02 5.717320228253002130e-03 9.998438208908698721e-01 -2.942998529398641733e-03
9.335061805257702794e-01 -3.581233693128788587e-01 1.771618672794205915e-02 9.489819153305333543e+00 3.582040003545107765e-01 9.336421387237545666e-01 -1.500309754345463282e-03 2.024016538779735974e+00 -1.600328248246604343e-02 7.746557385360926598e-03 9.998419304062325930e-01 3.160090547166691938e-02
9.291335931981625773e-01 -3.694479512035905300e-01 1.479788302902859849e-02 9.807207723033208424e+00 3.694287432599675514e-01 9.292499662410939054e-01 4.111434577723678541e-03 2.160650274522688541e+00 -1.526989338641209469e-02 1.646691347922465834e-03 9.998820524259710574e-01 5.021294198955602445e-02
9.242373006202418972e-01 -3.816539381268857500e-01 1.121087215376167026e-02 1.012450017713204709e+01 3.815850422369601036e-01 9.243005465797541342e-01 7.832951767070755328e-03 2.307965592718645986e+00 -1.335169214841815805e-02 -2.961605072779723621e-03 9.999064762327358746e-01 2.270055889108082980e-02
9.190827595599952993e-01 -3.939062951333064944e-01 1.116744079618395627e-02 1.043100247905978506e+01 3.938663880336619738e-01 9.191502476779163100e-01 5.664854008869310217e-03 2.438244576896028359e+00 -1.249597762884572041e-02 -8.079900850033699782e-04 9.999215957739496785e-01 -2.470958381207647922e-02
9.140593459020267542e-01 -4.052975337694618152e-01 1.514665935283787852e-02 1.075879352330205840e+01 4.053250786597389355e-01 9.141716351795591278e-01 1.342401805527095775e-03 2.587535840118932118e+00 -1.439071848919937051e-02 4.912285977323486638e-03 9.998843816501193915e-01 -6.450761258508908025e-03
9.085972987413393209e-01 -4.172645903225963293e-01 1.847188086950360408e-02 1.110461524921990240e+01 4.173122904899067009e-01 9.087621017103761911e-01 1.376481386549673058e-03 2.756952765679551831e+00 -1.736090222335911343e-02 6.457875645722470359e-03 9.998284327404053373e-01 9.603572654444763462e-03
9.023921407178981946e-01 -4.304285969662470235e-01 2.048529434099196495e-02 1.144535568380376134e+01 4.304022528306313822e-01 9.026178852301773858e-01 5.903729407721311495e-03 2.907537897884044042e+00 -2.103152702221774278e-02 3.489437815808682074e-03 9.997727235201224749e-01 3.493823926851782891e-03
8.960630911117162256e-01 -4.434502103530671979e-01 2.056326056676610961e-02 1.178057420670142719e+01 4.434351983388132856e-01 8.962893532583765532e-01 5.533544063120037458e-03 3.101070370442591262e+00 -2.088448279305881936e-02 4.160068929914400963e-03 9.997732403925225775e-01 -1.450327655640070573e-02
8.894664259720773680e-01 -4.566269956882585412e-01 1.847332880599039315e-02 1.213823228473599158e+01 4.566215619980520946e-01 8.896483100722083481e-01 4.757468247171617315e-03 3.283616750872857093e+00 -1.860715418644586297e-02 4.203711976207559833e-03 9.998180347536760326e-01 -6.942977042814879596e-03
8.824524994558773372e-01 -4.700994875638969672e-01 1.685402018024994078e-02 1.249085132529818587e+01 4.701067711239066416e-01 8.826014838606084378e-01 3.774179448186619663e-03 3.494751017268892479e+00 -1.664962304467195939e-02 4.592654919947176430e-03 9.998508376619267279e-01 -1.284787852917466944e-02
8.746137056169939195e-01 -4.845326262596572620e-01 1.670329419095713600e-02 1.286667043078408312e+01 4.845853503787160288e-01 8.747434107344913556e-01 1.001785868325778296e-03 3.684435779402565281e+00 -1.509649446882916149e-02 7.217996017472587574e-03 9.998599883924970122e-01 -3.859366458900420627e-02
8.660992053646772160e-01 -4.995769549047791580e-01 1.717651288075938004e-02 1.322944974790551065e+01 4.997008740685330297e-01 8.661905942067167352e-01 -3.590398718669641012e-03 3.897662546040654874e+00 -1.308445343981728959e-02 1.169275997714700963e-02 9.998460263672092063e-01 -4.868420026020624236e-02
8.573193281876222427e-01 -5.145389258950552325e-01 1.591424690920151264e-02 1.359234907895128153e+01 5.146917408607152300e-01 8.573427049583235426e-01 -7.476506170094911197e-03 4.129965263214394611e+00 -9.797010038301074211e-03 1.460068469312056361e-02 9.998454073509571716e-01 -2.462703063603224884e-02
8.480033955026780035e-01 -5.298742305817049081e-01 1.111489907174446380e-02 1.397500887505212042e+01 5.299420908980810863e-01 8.480232869154009645e-01 -4.229083088536234568e-03 4.372769653657065270e+00 -7.184811096949442547e-03 9.476529673143080368e-03 9.999292844370821776e-01 -9.809171648140827676e-03
8.376014786862844286e-01 -5.462157229568780359e-01 8.493932966822385217e-03 1.434967242681373634e+01 5.462403946630058904e-01 8.376281489635095667e-01 -7.178456437290313928e-04 4.645209660902119175e+00 -6.722658771158668452e-03 5.240997868694119086e-03 9.999636682401951138e-01 -1.759055624929176109e-02
8.267697676143745955e-01 -5.624638393579782791e-01 9.283360035870586932e-03 1.473117204566752747e+01 5.624881335488088885e-01 8.268053577256424536e-01 -7.276662790659665925e-06 4.917288157336434651e+00 -7.671438955662965471e-03 5.227795984442892147e-03 9.999569086583154354e-01 -3.349237408331359744e-02
8.154182621423495814e-01 -5.787740459779651125e-01 1.066121320707684103e-02 1.509825923980059770e+01 5.788119291154565360e-01 8.154608564132558302e-01 -5.851251174375446396e-04 5.189759673636782367e+00 -8.355146820624534398e-03 6.647959089496090386e-03 9.999429964560730966e-01 -4.430533833578409464e-02
8.039739965175469738e-01 -5.945401410502455519e-01 1.215868428562268816e-02 1.546510796029075685e+01 5.945937584045475344e-01 8.040256347787911873e-01 -1.020335688119116194e-03 5.447790262829709462e+00 -9.169263326889755261e-03 8.049801147609312452e-03 9.999255598850976812e-01 -3.062996337233941935e-02
7.922271912654836878e-01 -6.100905999979671090e-01 1.286612660140686558e-02 1.583034933535634536e+01 6.101334293661828667e-01 7.922983377592444088e-01 7.364467391439456778e-04 5.731639789361680393e+00 -1.064310995264553146e-02 7.266620814307208145e-03 9.999169567681492898e-01 -2.032138248360767022e-02
7.807315443177922365e-01 -6.247231252895353304e-01 1.338926568676850580e-02 1.616100919303597294e+01 6.247543968551414473e-01 7.808181744297131299e-01 2.218578467958138515e-03 6.044259985072998553e+00 -1.184057926469986137e-02 6.632888414991140388e-03 9.999078984956317750e-01 -1.782168450417962249e-02
7.690167788497845880e-01 -6.390843919878427259e-01 1.357695713446237587e-02 1.650397226636693304e+01 6.390980628212085124e-01 7.691155088141339302e-01 3.873009134316162533e-03 6.348791230142965425e+00 -1.291742798238752071e-02 5.698597994713882134e-03 9.999003280503584445e-01 -2.606458685481887610e-02
7.576824419910188624e-01 -6.524924054437442056e-01 1.307585319446080696e-02 1.684314143964815358e+01 6.524889782051517262e-01 7.577809549996807892e-01 5.114446262186833798e-03 6.643034607110197776e+00 -1.324576986526119007e-02 4.656723956648740025e-03 9.999014273930546537e-01 -3.610172309724967582e-02
7.463252474454251661e-01 -6.654693349880766995e-01 1.221430374813656065e-02 1.716173958834703583e+01 6.654490558941161815e-01 7.464171394314653707e-01 6.245636282846524570e-03 6.958127932603060728e+00 -1.327324508755439898e-02 3.466720853351883472e-03 9.999058969779959227e-01 -2.919906283802424507e-02
7.356109453466721515e-01 -6.773042883573013873e-01 1.163778582829247919e-02 1.748588744145897422e+01 6.772705599365186346e-01 7.356985298060902956e-01 7.229238164003707993e-03 7.267460539081917581e+00 -1.345829593410890514e-02 2.564023004389918460e-03 9.999061456239695111e-01 -2.903618096188562148e-02
7.252740627979874510e-01 -6.883670270422864723e-01 1.133004472475960568e-02 1.778404313413264504e+01 6.883096788755621587e-01 7.253614131713996827e-01 8.978098251337777308e-03 7.582039279359352513e+00 -1.439860405461372735e-02 1.286997651197782123e-03 9.998955064597121467e-01 -3.259723685462414394e-02
7.153123583601684876e-01 -6.987133521197538277e-01 1.130847234558060230e-02 1.809307855978488533e+01 6.986441355552098775e-01 7.154012480761425818e-01 9.870466321861337544e-03 7.901186274925840358e+00 -1.498672184059577847e-02 8.401313435229037369e-04 9.998873398277419167e-01 -4.011529958032388626e-02
7.058401126411367743e-01 -7.082901443663629504e-01 1.071479258894513474e-02 1.837931156577529279e+01 7.082089201587451477e-01 7.059214340820900713e-01 1.072633726253014938e-02 8.197075592043105985e+00 -1.516116071848007917e-02 1.723258753065590870e-05 9.998850628490788539e-01 -4.107016369791161026e-02
6.971846900499765187e-01 -7.168065589768003454e-01 1.103924670242873059e-02 1.867681656069498786e+01 7.167131312364861673e-01 6.972720647667538518e-01 1.157390206885161067e-02 8.512586075737058167e+00 -1.599360725758005447e-02 -1.571742559513429616e-04 9.998720817300298380e-01 -3.830148810375724744e-02
6.892644503463563055e-01 -7.244235089225902202e-01 1.118468636204163549e-02 1.896493771080292845e+01 7.243059042058425101e-01 6.893545800665366041e-01 1.308510885876503979e-02 8.834274534181716376e+00 -1.718937524438177156e-02 -9.179659965415972595e-04 9.998518303814505348e-01 -3.786840905584550054e-02
6.824825301426148405e-01 -7.308235411636591072e-01 1.070269737704143860e-02 1.923851509099922197e+01 7.306845659158839323e-01 6.825635095505245831e-01 1.439168379264080949e-02 9.152910271250163987e+00 -1.782305199597599213e-02 -2.001776980741372912e-03 9.998391529173420444e-01 -4.547394035840490734e-02
6.766501565237335036e-01 -7.362345624081253481e-01 1.016045235819693950e-02 1.949900966213123610e+01 7.360970438972987973e-01 6.767226252414590970e-01 1.440938763327616161e-02 9.470436130314936918e+00 -1.748449719223393525e-02 -2.271035451939360308e-03 9.998445552964274619e-01 -4.276372560450925758e-02
6.718787111742858809e-01 -7.405912306918054355e-01 1.017970987688597215e-02 1.975981696529518672e+01 7.404474622918093552e-01 6.719515447607108394e-01 1.478773408314943208e-02 9.776011527027538506e+00 -1.779193796077218823e-02 -2.398023371767414591e-03 9.998388352267121304e-01 -4.234897761332134108e-02
6.686077424660263890e-01 -7.435417729444430135e-01 1.045555360170584078e-02 2.003170848762835732e+01 7.433916046214109619e-01 6.686853936063408277e-01 1.512503077474714255e-02 1.008249161049744558e+01 -1.823756817362361463e-02 -2.340141911855584539e-03 9.998309431313600060e-01 -5.192684902367345617e-02
6.665160604240463194e-01 -7.454150512655708383e-01 1.061802917473431140e-02 2.028370967845823003e+01 7.452623542045437866e-01 6.665968194982054840e-01 1.525462685147595948e-02 1.039196718854710433e+01 -1.844897293374715350e-02 -2.254236372509605367e-03 9.998272619888231016e-01 -5.871828631585708502e-02
6.657136966136041334e-01 -7.461278746603587919e-01 1.088433718083827058e-02 2.053686939233432440e+01 7.459851650829938396e-01 6.658006068699944269e-01 1.468623054584357671e-02 1.068325436096045777e+01 -1.820460428432207206e-02 -1.657270757326551915e-03 9.998329089585360485e-01 -5.618168801352921987e-02
6.662524536764440342e-01 -7.456538256436454626e-01 1.039424230590027358e-02 2.079835771883955786e+01 7.455208061990931112e-01 6.663313540918602840e-01 1.418640470176422280e-02 1.099165955098826153e+01 -1.750415648844892008e-02 -1.702603037673965959e-03 9.998453408645379126e-01 -6.077068454865336422e-02
6.684700025427405823e-01 -7.436772333769549048e-01 9.593135947470066843e-03 2.104564088223042972e+01 7.435593384852273724e-01 6.685364111055884795e-01 1.336327719799924353e-02 1.129833671834205688e+01 -1.635132569302706965e-02 -1.799884123426204879e-03 9.998646881279600329e-01 -7.112196053658384476e-02
6.718418428451102820e-01 -7.406525336434924833e-01 7.897000060867411311e-03 2.131598503615087381e+01 7.405763933133419075e-01 6.718869099166584480e-01 1.070448268934608149e-02 1.159139998501855828e+01 -1.323419319371495033e-02 -1.343387553641424946e-03 9.999115218060006249e-01 -7.685506107200966441e-02
6.767622548255423087e-01 -7.361729785708803764e-01 6.495849869393909015e-03 2.158374865024395461e+01 7.361197278497830787e-01 6.767922334659823846e-01 8.945333447588159001e-03 1.187244026744630787e+01 -1.098165350978751176e-02 -1.272140796144812565e-03 9.999388906048137793e-01 -6.995616173655316850e-02
6.827767643544362386e-01 -7.305977850425077191e-01 6.539613801174980201e-03 2.183767277478504099e+01 7.305443347947312427e-01 6.828067985447975330e-01 8.935925264239367311e-03 1.219040973845670628e+01 -1.099385996865832882e-02 -1.323764324236597484e-03 9.999386894660109437e-01 -6.172963994552615324e-02
6.895840516525103547e-01 -7.241737573964542873e-01 6.797411625714427919e-03 2.213183955707366835e+01 7.241051189475630201e-01 6.896143404326490201e-01 1.019010223590056941e-02 1.247524620325103761e+01 -1.206699715934239983e-02 -2.104891432812125776e-03 9.999249756914828646e-01 -6.410147969974415438e-02
6.980919567682728477e-01 -7.159670528865907935e-01 7.668055577110055067e-03 2.240588745235316637e+01 7.158589674216814247e-01 6.981250948128608913e-01 1.293409272033197756e-02 1.277559491293861527e+01 -1.461364627353823817e-02 -3.539939748596754657e-03 9.998869486942852935e-01 -6.532802036748397434e-02
7.080138662388962834e-01 -7.061607608747993980e-01 7.303767122166373443e-03 2.269653759320092234e+01 7.060151993014037730e-01 7.080278530665327086e-01 1.546278233034165291e-02 1.307362496269487373e+01 -1.609048069044084761e-02 -5.791293700108354411e-03 9.998537679823132907e-01 -7.471893274321320111e-02
7.188964094852943187e-01 -6.950752164676005096e-01 7.641719811037991916e-03 2.299183353131030216e+01 6.949118318845907138e-01 7.189077882089273119e-01 1.640542469278121612e-02 1.334824163514984541e+01 -1.689669600704348656e-02 -6.483479395084625063e-03 9.998362196674909219e-01 -7.664826155003816310e-02
7.303322053469794017e-01 -6.830523795374622287e-01 7.369982444210909124e-03 2.329144057718466954e+01 6.828822840934275495e-01 7.303327590590287244e-01 1.690701382770235309e-02 1.363477412808186884e+01 -1.693091563858202878e-02 -7.314906249386530883e-03 9.998299036547175778e-01 -7.906817789933943963e-02
7.430483739452380387e-01 -6.692047900219398882e-01 6.637995859374667615e-03 2.358985856854938135e+01 6.690486716497566766e-01 7.430376800956539629e-01 1.639758890095602620e-02 1.390454919091741814e+01 -1.590562608116467824e-02 -7.743059457346652789e-03 9.998435158009507662e-01 -8.074078078801896763e-02
7.563034983267282740e-01 -6.541918604992607023e-01 6.166690787483877431e-03 2.389394950891043834e+01 6.540347727388551302e-01 7.562795550424979973e-01 1.672574880701740985e-02 1.416456143582018790e+01 -1.560559089514898697e-02 -8.616512127138563348e-03 9.998410980008654025e-01 -7.816735546007762270e-02
7.699448301553732943e-01 -6.380976725609743827e-01 4.039652123759422328e-03 2.421200880065796568e+01 6.379449717014622490e-01 7.698738960325222092e-01 1.789964492736575638e-02 1.441829317587524173e+01 -1.453174448695465810e-02 -1.120466331366665874e-02 9.998316277864954804e-01 -7.889710836012278627e-02
7.834279953656331230e-01 -6.214802964015198050e-01 1.678470156009310120e-03 2.452841143467011165e+01 6.213377394663830433e-01 7.833008788010602519e-01 1.947169187029919313e-02 1.468015692280378381e+01 -1.341601998323604938e-02 -1.421177167582918233e-02 9.998089997362713532e-01 -9.860214625483158801e-02
7.970125649420561897e-01 -6.039615672109773792e-01 1.181802244331173375e-03 2.484421445411119933e+01 6.038371254767708196e-01 7.968851992003358475e-01 1.883361864835302393e-02 1.490919674521988547e+01 -1.231654255200243311e-02 -1.429701463596545416e-02 9.998219332221431888e-01 -1.008047491270646356e-01
8.105046227729968411e-01 -5.857313655348052039e-01 1.011875651699830139e-03 2.516545739531158077e+01 5.856221791033054958e-01 8.103846058113715056e-01 1.798482711187715521e-02 1.512762217879582849e+01 -1.135428579428008483e-02 -1.398420868981952760e-02 9.998377478878367475e-01 -9.401694090611509291e-02
8.243956529068559025e-01 -5.660139637007333135e-01 1.908045433615668252e-05 2.550239906987451732e+01 5.659273949160679162e-01 8.242701546587278827e-01 1.746126634553974225e-02 1.534513553130839192e+01 -9.899048024519791281e-03 -1.438419391769546821e-02 9.998475402847908367e-01 -9.968449797355116715e-02
8.379563728584693560e-01 -5.457367317108964277e-01 -7.326987012502683000e-04 2.582863747284543265e+01 5.456653530588245760e-01 8.378234751784325862e-01 1.735358496457462332e-02 1.555792902336694183e+01 -8.856616569894081026e-03 -1.494135540850969127e-02 9.998491467423925583e-01 -9.729653850084452049e-02
8.514236760984580377e-01 -5.244784122843431096e-01 -3.447124636867977820e-04 2.618970239733914696e+01 5.244215314357383306e-01 8.513212804506762321e-01 1.530146458401760584e-02 1.575367676733652900e+01 -7.731826794677508496e-03 -1.320880386392625158e-02 9.998828663173009446e-01 -1.060503720621800844e-01
8.643630072920511775e-01 -5.028660299791382071e-01 1.532161238850860297e-03 2.655427962718162149e+01 5.028057816292829107e-01 8.642994922963744830e-01 1.314281462986570739e-02 1.595950405359360857e+01 -7.933321196527289357e-03 -1.058978324847019079e-02 9.999124556207623638e-01 -9.514497744617647634e-02
8.768927273247576482e-01 -4.806782475349383188e-01 2.750838361068591933e-03 2.692877848456626921e+01 4.806161529482591566e-01 8.768483721287706478e-01 1.204349701459077153e-02 1.614210998689754817e+01 -8.201115178058123942e-03 -9.238757593172797558e-03 9.999236906224248100e-01 -9.045921761840163000e-02
8.889893807140585302e-01 -4.579177749976317546e-01 3.031883713642237292e-03 2.732449343958087340e+01 4.578529065421684807e-01 8.889442313169190202e-01 1.220121220454183780e-02 1.632603070571148862e+01 -8.282327482243733580e-03 -9.458591311087498343e-03 9.999209659277510376e-01 -7.969231009258970211e-02
9.005047037174325197e-01 -4.348376552926153660e-01 2.737174163193035244e-03 2.768753827340280083e+01 4.347649062361287897e-01 9.004401354837484606e-01 1.367620983675255780e-02 1.650738877011062300e+01 -8.411592493051435471e-03 -1.112546401860972645e-02 9.999027298503097017e-01 -7.817699273572373264e-02
9.113915332123792012e-01 -4.115325405823048177e-01 2.537957970980103152e-03 2.808991980249342646e+01 4.114529144139703609e-01 9.113076643352741035e-01 1.499467052113766068e-02 1.669429213263657275e+01 -8.483655405473342070e-03 -1.262176555245418837e-02 9.998843526254924674e-01 -9.163725762286029086e-02
9.215696400942183786e-01 -3.881995504801475372e-01 3.241521806860360021e-03 2.849106344426112614e+01 3.881161037349607490e-01 9.214939292405183169e-01 1.465702543027902482e-02 1.684316032892576231e+01 -8.676893349932983390e-03 -1.224938283678349282e-02 9.998873257232095968e-01 -9.129570065566736115e-02
9.306278023205132310e-01 -3.659405717177932060e-01 4.403580241839597648e-03 2.892014365444591917e+01 3.658599647307880232e-01 9.305791848541329347e-01 1.299488066140124486e-02 1.697449002331519097e+01 -8.853234170528523350e-03 -1.048230351936854828e-02 9.999058663482526255e-01 -9.162119227044393521e-02
9.394590686731327800e-01 -3.426282848037056072e-01 4.745180742693557580e-03 2.933386301208486557e+01 3.425461865493831248e-01 9.394125202485915649e-01 1.289290039769152782e-02 1.711724724290564836e+01 -8.875154549934899384e-03 -1.048690863221349995e-02 9.999056237360876009e-01 -8.973611827544358821e-02
9.476462685053045343e-01 -3.192911744593720513e-01 4.437983813290998295e-03 2.977130115788648013e+01 3.191986578164873745e-01 9.475749664034295305e-01 1.462531687494081009e-02 1.727402591656899489e+01 -8.875056964618505823e-03 -1.244302848563153679e-02 9.998831953813307472e-01 -9.420988454877791962e-02
9.553137097720756366e-01 -2.955445309936668430e-01 5.398714777424989605e-03 3.019330359166490396e+01 2.954252741262273219e-01 9.552263968502722191e-01 1.632293380154656998e-02 1.741319497248518289e+01 -9.981148679280743216e-03 -1.399860565126937080e-02 9.998521969325577796e-01 -8.873660332903732240e-02
9.621691428036294180e-01 -2.723481315427531690e-01 7.552210385058794918e-03 3.062470371189778007e+01 2.721763987280411135e-01 9.620719377508663017e-01 1.837374669814562447e-02 1.752510837784315356e+01 -1.226982526213552319e-02 -1.562311868560397644e-02 9.998026653047951129e-01 -8.120448454993221821e-02
9.685551175074182950e-01 -2.486419672857109187e-01 8.840613920009838048e-03 3.108743064034359094e+01 2.484195587929444726e-01 9.684288535929110875e-01 2.081533900369573337e-02 1.764909225002523740e+01 -1.373707244321055627e-02 -1.796462170521365836e-02 9.997442498997823890e-01 -8.688450975925229858e-02
9.742506404036308520e-01 -2.253141307137994376e-01 8.320587347059246741e-03 3.156841656537213225e+01 2.250529437675596045e-01 9.740334132873410544e-01 2.469984415674365830e-02 1.774386751521452510e+01 -1.366975400915459646e-02 -2.219126631124659910e-02 9.996602850592958278e-01 -8.627812307396239000e-02
9.797444632715370805e-01 -2.001090000270985270e-01 7.561401782892050380e-03 3.199958689265605827e+01 1.998294903566958380e-01 9.794320222014342159e-01 2.794796361441015051e-02 1.783226856401453375e+01 -1.299851809056883946e-02 -2.587087154627519189e-02 9.995807803939035230e-01 -9.038205504083506037e-02
9.844954436744178805e-01 -1.752345654321756652e-01 7.846557341123588242e-03 3.248258971211505752e+01 1.749446948575016647e-01 9.841567739515384439e-01 2.880621506751803590e-02 1.790800744664147359e+01 -1.277008713856826738e-02 -2.698687390375211631e-02 9.995542173946225795e-01 -1.076564977914224730e-01
9.886571974006612695e-01 -1.499288584354595000e-01 8.847792725296238156e-03 3.297669758823892749e+01 1.496108341428354360e-01 9.883035066911258770e-01 2.954279893829831610e-02 1.799304964760827019e+01 -1.317362269669387735e-02 -2.788397515175476682e-02 9.995243566791063294e-01 -9.049615197462826388e-02
9.922079012891618088e-01 -1.241630683663695472e-01 1.034471233071605073e-02 3.346939003832135739e+01 1.237829681211657790e-01 9.918052602040156041e-01 3.162439935808002839e-02 1.805721423957694327e+01 -1.418652256444418586e-02 -3.009747971995524463e-02 9.994462888479977991e-01 -1.072066029077039656e-01
9.950246857929216926e-01 -9.887173922906718204e-02 1.225780749224105598e-02 3.397750495842797847e+01 9.842177865759978161e-02 9.945953975941603797e-01 3.306279737693937348e-02 1.810098608570766743e+01 -1.546053519681440599e-02 -3.169186435559531723e-02 9.993781054161106070e-01 -9.851910925258861029e-02
9.970898574294033700e-01 -7.480384179040050485e-02 1.470379083123932520e-02 3.449246354847886664e+01 7.423538026399228995e-02 9.965904623438619492e-01 3.600775864043560121e-02 1.814540763272355406e+01 -1.734717638327830727e-02 -3.481142942546504998e-02 9.992433336544623845e-01 -1.012490262029871191e-01
9.985715092301410412e-01 -5.099679954875481480e-02 1.594576400247088230e-02 3.503324203512192270e+01 5.038356961406614820e-02 9.980537087710562583e-01 3.674629670162985612e-02 1.816988825619862524e+01 -1.778867242890615555e-02 -3.589040044529711454e-02 9.991973990604124944e-01 -1.105121440105873709e-01
9.995036600130111637e-01 -2.694723117880559737e-02 1.631809892086256292e-02 3.555956891597456604e+01 2.632303634839029682e-02 9.989562851709506974e-01 3.732878346337620279e-02 1.817504472245402880e+01 -1.730697483664813546e-02 -3.688071378444718329e-02 9.991697961671746064e-01 -1.162204694038917463e-01
9.998671331788068217e-01 -2.551087039932346551e-03 1.609993613989755060e-02 3.608760194793946852e+01 1.944958328920910143e-03 9.992927864184313336e-01 3.755188609359269569e-02 1.816070482971920796e+01 -1.618434817633540926e-02 -3.751558298896724708e-02 9.991649753204447926e-01 -1.219706480575501323e-01
9.996280441321681032e-01 2.174602814090234593e-02 1.645854320987049854e-02 3.662632240869327660e+01 -2.236110229465527316e-02 9.990214701391694208e-01 3.815865963501170049e-02 1.815187990764774995e+01 -1.561263874763179141e-02 -3.851249746598877505e-02 9.991361434010223030e-01 -1.246303914697764331e-01
9.988124669583694493e-01 4.572666684514770791e-02 1.681451122599070258e-02 3.718644754060865409e+01 -4.635015874594327484e-02 9.981723169195846346e-01 3.877742280779186007e-02 1.813351031990512396e+01 -1.501061733447217432e-02 -3.951072860149845017e-02 9.991063925791970890e-01 -1.386361561188549363e-01
9.975426580262913845e-01 6.795406937199249819e-02 1.705549394265645086e-02 3.775973043341924296e+01 -6.858876750601267114e-02 9.968470663670603304e-01 3.989369934452890315e-02 1.808223907838694799e+01 -1.429077988941472414e-02 -4.096548219137615549e-02 9.990583580947512976e-01 -1.412396214161085184e-01
9.957710384917636270e-01 9.013885266325780132e-02 1.774897578977916238e-02 3.833051106640593275e+01 -9.079557065248491932e-02 9.950442679000527368e-01 4.053479084857484344e-02 1.802978619854228270e+01 -1.400725708068090679e-02 -4.197489916366194812e-02 9.990204725576329325e-01 -1.446465038938581638e-01
9.935203861558862259e-01 1.119411485597652800e-01 1.965760798722217262e-02 3.891285396321935508e+01 -1.126629237281970841e-01 9.928054811468458585e-01 4.055048978488925288e-02 1.796991884718023869e+01 -1.497691255476865657e-02 -4.250242185923670118e-02 9.989841020889302925e-01 -1.483615158848397564e-01
9.907655309632860119e-01 1.337145341981778590e-01 2.245185959341010340e-02 3.948065138412752617e+01 -1.345582589952584729e-01 9.900320541548566222e-01 4.160056107890925531e-02 1.788293129497168010e+01 -1.666546102581102640e-02 -4.423748512381139170e-02 9.988820287294780664e-01 -1.530141402386159533e-01
9.876515826692132682e-01 1.548209953648282400e-01 2.397520897180950572e-02 4.006961264719780047e+01 -1.557087336345132078e-01 9.869466923198761954e-01 4.112197452447908380e-02 1.778931925746372045e+01 -1.729570816515824810e-02 -4.434733264920811407e-02 9.988664438081630292e-01 -1.589487620151806002e-01
9.841808800516319566e-01 1.753928118278225978e-01 2.500713697977570427e-02 4.065635618667877793e+01 -1.762972105889839269e-01 9.835124068508643846e-01 4.028199484835953692e-02 1.768236368784213397e+01 -1.752965713694081690e-02 -4.405345763444487583e-02 9.988753695987860892e-01 -1.581209629647178927e-01
9.806557686319472555e-01 1.941063867212053373e-01 2.523834548702751437e-02 4.123009794975491360e+01 -1.949789887342153194e-01 9.800485118347824764e-01 3.857600812177257310e-02 1.755403476343073876e+01 -1.724695338508826573e-02 -4.275073197579450091e-02 9.989368936596877413e-01 -1.639042362042472112e-01
9.769337739062456949e-01 2.120308699791423335e-01 2.536358762455482099e-02 4.181528405931396719e+01 -2.128903049985899076e-01 9.763315208198252160e-01 3.813763877397950697e-02 1.743125139962666026e+01 -1.667691335073135869e-02 -4.265760928058690005e-02 9.989505537971120619e-01 -1.627597371415718253e-01
9.728908381233690728e-01 2.299056097726247805e-01 2.503652712909866171e-02 4.237423006148960525e+01 -2.307419477647940920e-01 9.722619077904448570e-01 3.827448499187762615e-02 1.730591068929188125e+01 -1.554254282019389491e-02 -4.301387281752246800e-02 9.989535705466597859e-01 -1.644741430229563206e-01
9.684198096611114082e-01 2.480920923016235180e-01 2.476663064164021100e-02 4.294835536660457365e+01 -2.489072189969289972e-01 9.677641946776213144e-01 3.844034119502470065e-02 1.715721711050246157e+01 -1.443151368192306834e-02 -4.339098106032879959e-02 9.989539299564673680e-01 -1.678233425233856824e-01
9.637458086263542834e-01 2.657059575573887944e-01 2.437950929870410371e-02 4.350884798434990586e+01 -2.664948583035490204e-01 9.630611952755423477e-01 3.864744043549216829e-02 1.700392383577628053e+01 -1.321010419738657959e-02 -4.374332260991046356e-02 9.989554619071560060e-01 -1.774751877376782860e-01
9.587022280300304677e-01 2.833762761841040478e-01 2.424714552861476427e-02 4.406364018888127276e+01 -2.841417504470128974e-01 9.580189396048021111e-01 3.825149685173037661e-02 1.683029348926593372e+01 -1.238965791145550319e-02 -4.356142163108167598e-02 9.989739230441985196e-01 -1.806608898400777485e-01
9.532566930703559871e-01 3.011817316857094973e-01 2.431546041855949664e-02 4.462675513846949116e+01 -3.019266330445951052e-01 9.525994870852497742e-01 3.734334563578114996e-02 1.663708721088045550e+01 -1.191576161743892331e-02 -4.293927926405283202e-02 9.990066230618093179e-01 -1.786462584514682539e-01
9.476802336232531543e-01 3.182756907635405641e-01 2.455116023261109254e-02 4.516994222986782859e+01 -3.190176100776171975e-01 9.470170291231390092e-01 3.723588338080804916e-02 1.645351749722100720e+01 -1.139909032079618710e-02 -4.311996312353261196e-02 9.990048696178029930e-01 -1.843167747941874268e-01
9.415291817819771980e-01 3.359935117615197031e-01 2.512289607354491541e-02 4.574116236691779136e+01 -3.367412442623464175e-01 9.408832334784497098e-01 3.666163351221410349e-02 1.626271887621673784e+01 -1.131964070133735165e-02 -4.297791308682478995e-02 9.990118941839951638e-01 -1.902361589249950968e-01
9.352880684739429684e-01 3.529985126612096291e-01 2.506549479373572364e-02 4.627096507685077142e+01 -3.537160845685463073e-01 9.346907294953405998e-01 3.518766421581719789e-02 1.602707170587866514e+01 -1.100729248171296304e-02 -4.177667117473483210e-02 9.990663387672412687e-01 -1.915462820636225083e-01
9.286133773763708410e-01 3.702417624966811704e-01 2.445879516658615305e-02 4.680642337324066915e+01 -3.708819804467790027e-01 9.281534352772103924e-01 3.126910876549406082e-02 1.583925788309738181e+01 -1.112438481557163038e-02 -3.810823908900010104e-02 9.992116943751262470e-01 -1.936611491587111322e-01
9.218286248161126073e-01 3.868583901072618070e-01 2.392848664776703327e-02 4.736386861228637457e+01 -3.874320478104411047e-01 9.214818249933496297e-01 2.770657929687000975e-02 1.558167142738708399e+01 -1.133114288334704373e-02 -3.481138047454143680e-02 9.993296618185681934e-01 -1.870919806917445416e-01
9.149631284721588820e-01 4.028757188331021366e-01 2.310040499971617936e-02 4.788689847723392035e+01 -4.033615220738622220e-01 9.147546751761636008e-01 2.287721035460078128e-02 1.531975584020743142e+01 -1.191453090544732432e-02 -3.024961847796937137e-02 9.994713625388375045e-01 -1.922808172897202406e-01
9.086372783509074624e-01 4.170340557511298951e-01 2.146841248949286560e-02 4.844248177489472340e+01 -4.173970812043361067e-01 9.085719524905158107e-01 1.663381344348412172e-02 1.505628828019851539e+01 -1.256873076950645526e-02 -2.407495568708918621e-02 9.996311437302802805e-01 -1.930074383163496443e-01
9.035555945224899022e-01 4.280205390904952001e-01 1.963939214414781032e-02 4.896616977395574821e+01 -4.282622955955656119e-01 9.035965708899030835e-01 1.022952820147594866e-02 1.479613339833041152e+01 -1.336763922037690309e-02 -1.765375859952343640e-02 9.997547954518566371e-01 -2.040354063741551260e-01
8.998529883351406022e-01 4.358746758187717063e-01 1.666932404742548640e-02 4.951330090241508231e+01 -4.359869129427698109e-01 8.999456618037570133e-01 3.635593931055636132e-03 1.452069557085487439e+01 -1.341682253557404184e-02 -1.053910719551322782e-02 9.998544474535132620e-01 -1.869829920334972750e-01
8.973825265655455130e-01 4.410502603274091271e-01 1.338913290555291194e-02 5.005298856457215351e+01 -4.410705651355500967e-01 8.974710776652545796e-01 -1.556060851357703037e-03 1.426257997456634108e+01 -1.270266058132649839e-02 -4.509170599046104233e-03 9.999091507705408777e-01 -2.006744661729507884e-01
8.956954075960505968e-01 4.445518003507233917e-01 1.017023186929792190e-02 5.059262699570470545e+01 -4.445169143714340354e-01 8.957530129212754044e-01 -5.590409659103639031e-03 1.400719003524254980e+01 -1.159524251768418411e-02 4.864641692573991490e-04 9.999326545840815372e-01 -1.939874922144255720e-01
8.953661312682805740e-01 4.452667513129066057e-01 7.550573019473231715e-03 5.113534801815295339e+01 -4.451828289858230647e-01 8.953770237109632824e-01 -1.059406374704319719e-02 1.375752232219507576e+01 -1.147779394533600568e-02 6.124180414326491420e-03 9.999153737493994276e-01 -1.992662534066431956e-01
8.966175950756917201e-01 4.427689797556741413e-01 5.702522845401176814e-03 5.169318497788248123e+01 -4.426650028043851992e-01 8.965829895874948274e-01 -1.366155461665015565e-02 1.346292581028475155e+01 -1.116169758041138382e-02 9.724882954024493750e-03 9.998904155749538392e-01 -1.903873779633022123e-01
8.987609542493661952e-01 4.383903512821964443e-01 6.530468546832014776e-03 5.227367519972753485e+01 -4.382491628618697121e-01 8.987104222694541900e-01 -1.603895742028702692e-02 1.320170467595009534e+01 -1.290032432302060800e-02 1.155321630247722366e-02 9.998500411688889811e-01 -1.974576823511411394e-01
9.022297057425820999e-01 4.311473261054978301e-01 9.671673471189808080e-03 5.284116173240867909e+01 -4.309440992025846406e-01 9.022033657319432631e-01 -1.778398786623573008e-02 1.292737880147881313e+01 -1.639333517398794404e-02 1.187729152766008739e-02 9.997950732564350185e-01 -2.024510299772417088e-01
9.065342934073402636e-01 4.219261679926653574e-01 1.318649458648983586e-02 5.341557232129150634e+01 -4.216457452503680203e-01 9.065469704686019980e-01 -1.968389815208126253e-02 1.266402576886339304e+01 -2.025932843694853297e-02 1.228409936563858856e-02 9.997192908582183124e-01 -2.104142555800743164e-01
9.116528826254921558e-01 4.107090801091339283e-01 1.439003532099976390e-02 5.401122031021827752e+01 -4.102792272535281115e-01 9.115983936026907930e-01 -2.567731421394037900e-02 1.240300463653984764e+01 -2.366383918299000411e-02 1.750486494956851602e-02 9.995667073378439182e-01 -2.224559869512686694e-01
9.172492549551878316e-01 3.979955266464211272e-01 1.591744494543180857e-02 5.459457869301443367e+01 -3.974327843191296505e-01 9.171458747307356107e-01 -2.984336463500702336e-02 1.216848622969977356e+01 -2.647614459276717916e-02 2.104768951290677398e-02 9.994278405836367618e-01 -2.229905972456890373e-01
9.228415309004767142e-01 3.848307899861421189e-01 1.639426496998946936e-02 5.518182003686731463e+01 -3.843446650130844522e-01 9.228074275858320075e-01 -2.656369831930800729e-02 1.193858691543799289e+01 -2.535127849328935867e-02 1.821303574534227643e-02 9.995126802635845298e-01 -2.404743660910587666e-01
9.284350899120660250e-01 3.711498676351706605e-01 1.600186159073780159e-02 5.577631633516081422e+01 -3.707120359902055240e-01 9.284137750795794508e-01 -2.490880596256471805e-02 1.169831315665986970e+01 -2.410124876371385130e-02 1.719412681352009906e-02 9.995616498301393982e-01 -2.490956633558707167e-01
9.341237351725318883e-01 3.566194016048805926e-01 1.534437311506574655e-02 5.638638907558024016e+01 -3.561866898732475306e-01 9.340748057466564669e-01 -2.520514285785795464e-02 1.148256863727975841e+01 -2.332143530009408647e-02 1.807926072390421759e-02 9.995645306768445870e-01 -2.602098583248721453e-01
9.391900904723635701e-01 3.430863990661765506e-01 1.461836975582116172e-02 5.698355963763113152e+01 -3.426650790509996325e-01 9.391160600479677711e-01 -2.533119339774697609e-02 1.124857843343056985e+01 -2.241913373629305511e-02 1.878160099102772068e-02 9.995722254578345289e-01 -2.667646373344639832e-01
9.440121898352331620e-01 3.295807473225746409e-01 1.474843845228748784e-02 5.760459218380947988e+01 -3.291903590935394974e-01 9.439619502596974243e-01 -2.386511977290416142e-02 1.105690369496256587e+01 -2.178744873440291441e-02 1.767392022732189316e-02 9.996063923472298107e-01 -2.843622338364594215e-01
9.488107690772711322e-01 3.154753366196035858e-01 1.527862780962342161e-02 5.822139197919552345e+01 -3.151740780947127618e-01 9.488381466490446448e-01 -1.927360788109119122e-02 1.087080178360805327e+01 -2.057729282838512835e-02 1.347157928210158430e-02 9.996975000326353555e-01 -2.867187045186866956e-01
9.530927011433943941e-01 3.022556921872505131e-01 1.599373526085783731e-02 5.885475857588237858e+01 -3.019635945628654228e-01 9.531427786726732743e-01 -1.835295678654411469e-02 1.066155729524505169e+01 -2.079159892508873619e-02 1.266254336779984099e-02 9.997036407904078548e-01 -3.008254931284449762e-01
9.568537528501543932e-01 2.900507759763726878e-01 1.736211427447022920e-02 5.947771959339287662e+01 -2.897470565545304244e-01 9.569328521701507828e-01 -1.805989079385651730e-02 1.051095204514961878e+01 -2.185266287117951928e-02 1.225005277557441805e-02 9.996861494151222383e-01 -3.038414261820988616e-01
9.605791804381027532e-01 2.772385085169836727e-01 2.065060541827488938e-02 6.011095220903054326e+01 -2.769118998331044357e-01 9.607389015264711229e-01 -1.733674780720094802e-02 1.031611869655684721e+01 -2.464625407001348745e-02 1.093492062102486076e-02 9.996364287436348972e-01 -3.217169335874274783e-01
9.639053804025118355e-01 2.652769696791621445e-01 2.268362821353464912e-02 6.076678181392531286e+01 -2.649467899216197964e-01 9.641209675698401149e-01 -1.655168880882840199e-02 1.013854330947651938e+01 -2.626054343150604695e-02 9.944307418626247702e-03 9.996056695560734395e-01 -3.405833968802394196e-01
9.669245035168954061e-01 2.540104952979391761e-01 2.314460578841330898e-02 6.142372537543443656e+01 -2.537122254936829968e-01 9.671623281592951482e-01 -1.507108571186405177e-02 9.972393668406532186e+00 -2.621280476499919868e-02 8.700532626652403984e-03 9.996185220364639523e-01 -3.397407283747672091e-01
9.695699709890155393e-01 2.438204431995585897e-01 2.203775928560746181e-02 6.206700199381419480e+01 -2.435493527435070860e-01 9.697832748554930937e-01 -1.428679770885971437e-02 9.802725546254022149e+00 -2.485526371975007101e-02 8.484768030178134468e-03 9.996550527941604480e-01 -3.444936703933894062e-01
9.720482198356165116e-01 2.339801308283299963e-01 1.937928512527055044e-02 6.275106292726526647e+01 -2.338071799749580626e-01 9.722231441729634049e-01 -1.078705365680157104e-02 9.652343582108775522e+00 -2.136494574218552114e-02 5.954520299295084848e-03 9.997540111354585868e-01 -3.377122089071177835e-01
9.739665456304662516e-01 2.260875729822081348e-01 1.654017338698613934e-02 6.339002656197123997e+01 -2.259448513796651070e-01 9.740880909028143408e-01 -1.006554997660069270e-02 9.515364740380784170e+00 -1.838728168267163635e-02 6.066341922864121328e-03 9.998125361126439792e-01 -3.610854203554455522e-01
9.756095602622788521e-01 2.189783535876199394e-01 1.531230175049380290e-02 6.403199194898192559e+01 -2.188498844803515031e-01 9.757109644054162700e-01 -9.635455463507707277e-03 9.376540760194652435e+00 -1.705033688170680753e-02 6.049346998455674626e-03 9.998363323130003977e-01 -3.603855161827292375e-01
