0.0000 0.0000 0.0000 0.0000 0.0000 0.0000 0.0000 1.0000
1.0000 0.3984 -0.0389 -0.0042 0.0000 0.0008 0.0073 1.0000
2.0000 0.7066 -0.0165 -0.0230 0.0000 0.0050 0.0138 0.9999
3.0000 1.0675 0.0317 0.0016 -0.0013 0.0097 0.0200 0.9998
4.0000 1.3878 0.0819 0.0030 -0.0016 0.0107 0.0266 0.9996
5.0000 1.7296 0.0734 0.0223 -0.0019 0.0101 0.0331 0.9994
6.0000 2.0529 0.1091 0.0064 -0.0013 0.0097 0.0394 0.9992
7.0000 2.3712 0.1389 0.0440 -0.0014 0.0091 0.0457 0.9989
8.0000 2.6922 0.1930 0.0268 -0.0024 0.0068 0.0517 0.9986
9.0000 2.9929 0.2446 0.0230 -0.0044 0.0056 0.0575 0.9983
10.0000 3.3159 0.2956 0.0013 -0.0042 0.0036 0.0634 0.9980
11.0000 3.6355 0.3228 -0.0238 -0.0031 0.0022 0.0694 0.9976
12.0000 3.9523 0.3779 -0.0301 -0.0019 0.0037 0.0753 0.9971
13.0000 4.2624 0.4351 -0.0093 -0.0018 0.0062 0.0811 0.9967
14.0000 4.5779 0.4840 -0.0007 -0.0014 0.0059 0.0871 0.9962
15.0000 4.8690 0.5591 0.0081 -0.0014 0.0056 0.0932 0.9956
16.0000 5.1735 0.6419 0.0021 -0.0021 0.0066 0.0988 0.9951
17.0000 5.4788 0.7226 0.0222 -0.0028 0.0061 0.1044 0.9945
18.0000 5.7720 0.7947 0.0215 -0.0028 0.0021 0.1102 0.9939
19.0000 6.0749 0.8749 -0.0215 -0.0014 -0.0019 0.1160 0.9932
20.0000 6.3929 0.9526 -0.0074 0.0012 -0.0044 0.1224 0.9925
21.0000 6.6888 1.0307 -0.0012 0.0015 -0.0045 0.1283 0.9917
22.0000 7.0045 1.1389 0.0234 0.0006 -0.0017 0.1345 0.9909
23.0000 7.3309 1.2325 0.0008 -0.0004 0.0004 0.1404 0.9901
24.0000 7.6366 1.3248 0.0010 -0.0004 0.0004 0.1464 0.9892
25.0000 7.9487 1.4375 0.0231 -0.0013 0.0004 0.1520 0.9884
26.0000 8.2805 1.5566 0.0146 -0.0036 0.0034 0.1585 0.9873
27.0000 8.5772 1.6868 -0.0068 -0.0041 0.0072 0.1646 0.9863
28.0000 8.8886 1.7820 -0.0034 -0.0016 0.0087 0.1700 0.9854
29.0000 9.1909 1.8952 -0.0029 0.0013 0.0087 0.1760 0.9843
30.0000 9.4898 2.0240 0.0316 0.0024 0.0086 0.1821 0.9832
31.0000 9.8072 2.1607 0.0502 -0.0006 0.0077 0.1881 0.9821
32.0000 10.1245 2.3080 0.0227 -0.0028 0.0063 0.1945 0.9809
33.0000 10.4310 2.4382 -0.0247 -0.0017 0.0060 0.2011 0.9796
34.0000 10.7588 2.5875 -0.0065 0.0009 0.0075 0.2072 0.9783
35.0000 11.1046 2.7570 0.0096 0.0013 0.0092 0.2136 0.9769
36.0000 11.4454 2.9075 0.0035 -0.0006 0.0106 0.2207 0.9753
37.0000 11.7806 3.1011 -0.0145 -0.0004 0.0106 0.2277 0.9737
38.0000 12.1382 3.2836 -0.0069 -0.0001 0.0095 0.2349 0.9720
39.0000 12.4909 3.4948 -0.0128 0.0002 0.0086 0.2423 0.9702
40.0000 12.8667 3.6844 -0.0386 0.0016 0.0082 0.2503 0.9681
41.0000 13.2294 3.8977 -0.0487 0.0040 0.0078 0.2586 0.9659
42.0000 13.5923 4.1300 -0.0246 0.0057 0.0067 0.2670 0.9637
43.0000 13.9750 4.3728 -0.0098 0.0036 0.0048 0.2756 0.9612
44.0000 14.3497 4.6452 -0.0176 0.0016 0.0040 0.2849 0.9585
45.0000 14.7312 4.9173 -0.0335 0.0014 0.0044 0.2943 0.9557
46.0000 15.0983 5.1898 -0.0443 0.0019 0.0050 0.3038 0.9527
47.0000 15.4651 5.4478 -0.0306 0.0024 0.0056 0.3130 0.9497
48.0000 15.8303 5.7316 -0.0203 0.0017 0.0062 0.3223 0.9466
49.0000 16.1610 6.0443 -0.0178 0.0012 0.0067 0.3310 0.9436
50.0000 16.5040 6.3488 -0.0261 0.0005 0.0070 0.3398 0.9405
51.0000 16.8431 6.6430 -0.0361 -0.0001 0.0070 0.3480 0.9375
52.0000 17.1617 6.9581 -0.0292 -0.0007 0.0068 0.3561 0.9344
53.0000 17.4859 7.2675 -0.0290 -0.0013 0.0067 0.3635 0.9316
54.0000 17.7840 7.5820 -0.0326 -0.0021 0.0069 0.3706 0.9288
55.0000 18.0931 7.9012 -0.0401 -0.0024 0.0071 0.3772 0.9261
56.0000 18.3793 8.1971 -0.0411 -0.0029 0.0070 0.3834 0.9235
57.0000 18.6768 8.5126 -0.0383 -0.0032 0.0073 0.3890 0.9212
58.0000 18.9649 8.8343 -0.0379 -0.0038 0.0077 0.3941 0.9190
59.0000 19.2385 9.1529 -0.0455 -0.0045 0.0078 0.3984 0.9172
60.0000 19.4990 9.4704 -0.0428 -0.0046 0.0075 0.4020 0.9156
61.0000 19.7598 9.7760 -0.0423 -0.0047 0.0076 0.4050 0.9143
62.0000 20.0317 10.0825 -0.0519 -0.0048 0.0079 0.4070 0.9134
63.0000 20.2837 10.3920 -0.0587 -0.0048 0.0080 0.4083 0.9128
64.0000 20.5369 10.6833 -0.0562 -0.0045 0.0080 0.4088 0.9126
65.0000 20.7984 10.9917 -0.0608 -0.0044 0.0076 0.4084 0.9127
66.0000 21.0456 11.2983 -0.0711 -0.0042 0.0071 0.4071 0.9134
67.0000 21.3160 11.5914 -0.0769 -0.0033 0.0058 0.4050 0.9143
68.0000 21.5837 11.8724 -0.0700 -0.0028 0.0048 0.4020 0.9156
69.0000 21.8377 12.1904 -0.0617 -0.0028 0.0048 0.3982 0.9173
70.0000 22.1318 12.4752 -0.0641 -0.0033 0.0051 0.3939 0.9191
71.0000 22.4059 12.7756 -0.0653 -0.0045 0.0060 0.3885 0.9214
72.0000 22.6965 13.0736 -0.0747 -0.0057 0.0063 0.3820 0.9241
73.0000 22.9918 13.3482 -0.0766 -0.0062 0.0066 0.3748 0.9270
74.0000 23.2914 13.6348 -0.0791 -0.0065 0.0065 0.3671 0.9301
75.0000 23.5899 13.9045 -0.0807 -0.0065 0.0060 0.3584 0.9335
76.0000 23.8939 14.1646 -0.0782 -0.0068 0.0058 0.3490 0.9371
77.0000 24.2120 14.4183 -0.0789 -0.0077 0.0049 0.3391 0.9407
78.0000 24.5284 14.6802 -0.0986 -0.0089 0.0040 0.3290 0.9443
79.0000 24.8442 14.9092 -0.1008 -0.0087 0.0036 0.3186 0.9479
80.0000 25.1655 15.1276 -0.0940 -0.0084 0.0032 0.3078 0.9514
81.0000 25.5024 15.3451 -0.0997 -0.0083 0.0026 0.2963 0.9551
82.0000 25.8286 15.5579 -0.0973 -0.0084 0.0021 0.2846 0.9586
83.0000 26.1897 15.7537 -0.1061 -0.0074 0.0019 0.2726 0.9621
84.0000 26.5543 15.9595 -0.0951 -0.0061 0.0025 0.2604 0.9655
85.0000 26.9288 16.1421 -0.0905 -0.0055 0.0028 0.2481 0.9687
86.0000 27.3245 16.3260 -0.0797 -0.0056 0.0029 0.2356 0.9718
87.0000 27.6875 16.5074 -0.0782 -0.0064 0.0029 0.2230 0.9748
88.0000 28.0899 16.6943 -0.0916 -0.0071 0.0028 0.2105 0.9776
89.0000 28.4911 16.8432 -0.0913 -0.0069 0.0030 0.1980 0.9802
90.0000 28.9201 16.9745 -0.0916 -0.0060 0.0034 0.1862 0.9825
91.0000 29.3339 17.1172 -0.0897 -0.0059 0.0035 0.1739 0.9847
92.0000 29.7713 17.2740 -0.0942 -0.0069 0.0034 0.1618 0.9868
93.0000 30.1933 17.4132 -0.0887 -0.0077 0.0039 0.1494 0.9887
94.0000 30.6247 17.5251 -0.0812 -0.0086 0.0050 0.1374 0.9905
95.0000 31.0874 17.6491 -0.0869 -0.0098 0.0057 0.1253 0.9921
96.0000 31.5684 17.7439 -0.0863 -0.0118 0.0055 0.1133 0.9935
97.0000 31.9996 17.8323 -0.0904 -0.0135 0.0052 0.1005 0.9948
98.0000 32.4826 17.9080 -0.1077 -0.0140 0.0052 0.0879 0.9960
99.0000 32.9767 17.9930 -0.0905 -0.0144 0.0055 0.0751 0.9971
100.0000 33.4694 18.0572 -0.1072 -0.0155 0.0061 0.0621 0.9979
101.0000 33.9775 18.1010 -0.0985 -0.0162 0.0069 0.0494 0.9986
102.0000 34.4925 18.1454 -0.1012 -0.0177 0.0080 0.0373 0.9991
103.0000 35.0332 18.1699 -0.1105 -0.0182 0.0084 0.0254 0.9995
104.0000 35.5596 18.1750 -0.1162 -0.0186 0.0084 0.0133 0.9997
105.0000 36.0876 18.1607 -0.1220 -0.0188 0.0081 0.0011 0.9998
106.0000 36.6263 18.1519 -0.1246 -0.0192 0.0080 -0.0110 0.9997
107.0000 37.1864 18.1335 -0.1386 -0.0196 0.0080 -0.0230 0.9995
108.0000 37.7597 18.0822 -0.1412 -0.0202 0.0078 -0.0342 0.9992
109.0000 38.3305 18.0298 -0.1446 -0.0207 0.0079 -0.0453 0.9987
110.0000 38.9129 17.9699 -0.1484 -0.0208 0.0087 -0.0563 0.9982
111.0000 39.4807 17.8829 -0.1530 -0.0215 0.0098 -0.0672 0.9975
112.0000 40.0696 17.7893 -0.1589 -0.0214 0.0104 -0.0779 0.9967
113.0000 40.6564 17.6824 -0.1581 -0.0212 0.0107 -0.0883 0.9958
114.0000 41.2301 17.5540 -0.1639 -0.0204 0.0107 -0.0978 0.9949
115.0000 41.8153 17.4313 -0.1628 -0.0203 0.0106 -0.1069 0.9940
116.0000 42.3742 17.3059 -0.1645 -0.0205 0.0102 -0.1160 0.9930
117.0000 42.9484 17.1572 -0.1678 -0.0206 0.0099 -0.1253 0.9919
118.0000 43.5088 17.0039 -0.1775 -0.0208 0.0095 -0.1343 0.9907
119.0000 44.0636 16.8303 -0.1807 -0.0207 0.0093 -0.1434 0.9894
120.0000 44.6268 16.6371 -0.1786 -0.0203 0.0092 -0.1526 0.9880
121.0000 45.1699 16.4535 -0.1843 -0.0204 0.0091 -0.1615 0.9866
122.0000 45.7412 16.2627 -0.1902 -0.0202 0.0092 -0.1707 0.9851
123.0000 46.2710 16.0271 -0.1915 -0.0196 0.0092 -0.1796 0.9835
124.0000 46.8064 15.8393 -0.1937 -0.0177 0.0091 -0.1887 0.9818
125.0000 47.3639 15.5817 -0.1871 -0.0159 0.0090 -0.1975 0.9801
126.0000 47.8869 15.3198 -0.1923 -0.0136 0.0089 -0.2060 0.9784
127.0000 48.4425 15.0563 -0.1930 -0.0104 0.0087 -0.2136 0.9768
128.0000 48.9662 14.7961 -0.2040 -0.0071 0.0085 -0.2194 0.9756
129.0000 49.5133 14.5207 -0.1870 -0.0036 0.0077 -0.2236 0.9746
130.0000 50.0530 14.2626 -0.2007 -0.0008 0.0067 -0.2264 0.9740
131.0000 50.5926 14.0072 -0.1940 0.0016 0.0056 -0.2283 0.9736
132.0000 51.1353 13.7575 -0.1993 0.0043 0.0049 -0.2287 0.9735
133.0000 51.6932 13.4629 -0.1904 0.0060 0.0043 -0.2273 0.9738
134.0000 52.2737 13.2017 -0.1975 0.0071 0.0050 -0.2249 0.9743
135.0000 52.8412 12.9274 -0.2025 0.0076 0.0067 -0.2210 0.9752
136.0000 53.4156 12.6640 -0.2104 0.0082 0.0086 -0.2160 0.9763
137.0000 54.0112 12.4030 -0.2225 0.0110 0.0097 -0.2099 0.9776
138.0000 54.5946 12.1685 -0.2230 0.0130 0.0108 -0.2031 0.9790
139.0000 55.1818 11.9386 -0.2405 0.0114 0.0106 -0.1961 0.9805
140.0000 55.7763 11.6983 -0.2491 0.0107 0.0102 -0.1889 0.9819
141.0000 56.3864 11.4826 -0.2602 0.0110 0.0098 -0.1812 0.9833
142.0000 56.9836 11.2486 -0.2668 0.0112 0.0094 -0.1741 0.9846
143.0000 57.6046 11.0569 -0.2844 0.0105 0.0093 -0.1671 0.9858
144.0000 58.2214 10.8708 -0.2867 0.0083 0.0091 -0.1597 0.9871
145.0000 58.8548 10.6616 -0.3008 0.0078 0.0093 -0.1529 0.9882
146.0000 59.4777 10.5110 -0.3038 0.0077 0.0099 -0.1465 0.9891
147.0000 60.1110 10.3161 -0.3217 0.0071 0.0114 -0.1399 0.9901
148.0000 60.7668 10.1385 -0.3406 0.0067 0.0123 -0.1338 0.9909
149.0000 61.4237 9.9724 -0.3397 0.0060 0.0124 -0.1280 0.9917
150.0000 62.0670 9.8027 -0.3445 0.0057 0.0118 -0.1228 0.9923
151.0000 62.7511 9.6523 -0.3377 0.0042 0.0103 -0.1178 0.9930
152.0000 63.3900 9.5154 -0.3611 0.0041 0.0088 -0.1138 0.9935
153.0000 64.0320 9.3765 -0.3604 0.0039 0.0081 -0.1101 0.9939
